889 111 0 0
882 115 3 5
867 127 6 10
854 137 9 15
841 145 14 20
827 155 18 25
809 171 20 30
782 194 24 35
763 209 28 40
754 213 33 45
726 235 39 50
704 248 48 55
676 272 52 60
649 291 60 65
634 299 67 70
619 305 76 75
599 316 85 80
571 331 98 85
560 326 114 90
538 342 120 95
516 358 126 100
500 366 134 105
485 375 140 110
466 386 148 115
458 386 156 120
445 395 160 125
435 400 165 130
424 406 170 135
410 408 182 140
399 410 191 145
384 412 204 150
372 416 212 155
360 410 230 160
345 415 240 165
329 422 249 170
317 419 264 175
296 427 277 180
277 431 292 185
262 434 304 190
251 437 312 195
240 433 327 200
237 424 339 205
225 427 348 210
214 425 361 215
203 431 366 220
199 426 375 225
192 418 390 230
185 414 401 235
176 407 417 240
167 407 426 245
163 392 445 250
156 385 459 255
147 386 467 260
142 381 477 265
134 374 492 270
131 362 507 275
127 359 514 280
123 354 523 285
123 350 527 290
120 347 533 295
118 343 539 300
116 336 548 305
112 333 555 310
111 317 572 315
107 314 579 320
104 306 590 325
99 308 593 330
95 305 600 335
94 303 603 340
93 295 612 345
93 291 616 350
91 286 623 355
90 276 634 360
90 272 638 365
90 264 646 370
90 255 655 375
88 254 658 380
84 252 664 385
83 249 668 390
82 244 674 395
80 241 679 400
80 236 684 405
80 233 687 410
78 233 689 415
74 231 695 420
74 228 698 425
72 222 706 430
72 220 708 435
72 217 711 440
71 212 717 445
71 207 722 450
71 203 726 455
71 201 728 460
70 197 733 465
69 194 737 470
67 186 747 475
66 182 752 480
64 182 754 485
64 176 760 490
64 173 763 495
64 170 766 500
64 167 769 505
63 164 773 510
60 164 776 515
58 163 779 520
57 161 782 525
56 160 784 530
55 156 789 535
54 154 792 540
52 148 800 545
52 144 804 550
51 139 810 555
51 135 814 560
50 131 819 565
50 126 824 570
49 124 827 575
49 122 829 580
47 121 832 585
46 119 835 590
44 117 839 595
44 112 844 600
44 107 849 605
44 102 854 610
44 99 857 615
43 98 859 620
43 96 861 625
42 97 861 630
42 96 862 635
42 92 866 640
41 93 866 645
41 92 867 650
41 88 871 655
41 85 874 660
41 80 879 665
40 79 881 670
40 79 881 675
40 77 883 680
40 71 889 685
39 71 890 690
39 71 890 695
39 71 890 700
39 70 891 705
39 69 892 710
39 67 894 715
39 67 894 720
39 66 895 725
39 66 895 730
39 64 897 735
39 63 898 740
39 63 898 745
39 61 900 750
39 61 900 755
39 59 902 760
38 60 902 765
38 59 903 770
37 59 904 775
36 60 904 780
35 61 904 785
35 61 904 790
35 60 905 795
35 57 908 800
35 57 908 805
34 56 910 810
34 56 910 815
33 55 912 820
33 53 914 825
32 53 915 830
32 52 916 835
32 52 916 840
32 51 917 845
32 49 919 850
32 49 919 855
32 47 921 860
32 46 922 865
32 46 922 870
32 46 922 875
32 45 923 880
32 42 926 885
32 42 926 890
31 42 927 895
31 42 927 900
31 40 929 905
31 39 930 910
31 39 930 915
31 36 933 920
31 36 933 925
31 33 936 930
31 28 941 935
31 27 942 940
31 27 942 945
31 27 942 950
31 26 943 955
31 24 945 960
31 24 945 965
31 24 945 970
31 23 946 975
30 23 947 980
29 22 949 985
29 21 950 990
29 20 951 995
29 19 952 1000
29 18 953 1005
29 18 953 1010
29 17 954 1015
29 16 955 1020
29 14 957 1025
29 13 958 1030
29 13 958 1035
29 13 958 1040
29 13 958 1045
29 12 959 1050
29 11 960 1055
29 11 960 1060
29 11 960 1065
29 11 960 1070
29 11 960 1075
29 11 960 1080
29 11 960 1085
29 10 961 1090
29 10 961 1095
29 10 961 1100
29 10 961 1105
29 10 961 1110
29 10 961 1115
29 10 961 1120
29 9 962 1125
29 9 962 1130
29 8 963 1135
29 8 963 1140
29 8 963 1145
29 8 963 1150
29 7 964 1155
29 7 964 1160
29 7 964 1165
29 7 964 1170
29 7 964 1175
29 7 964 1180
29 7 964 1185
29 7 964 1190
29 7 964 1195
29 7 964 1200
29 7 964 1205
29 7 964 1210
29 7 964 1215
29 7 964 1220
29 7 964 1225
29 7 964 1230
29 7 964 1235
29 7 964 1240
28 8 964 1245
28 8 964 1250
28 8 964 1255
28 8 964 1260
28 8 964 1265
28 8 964 1270
28 8 964 1275
27 9 964 1280
27 9 964 1285
27 9 964 1290
27 9 964 1295
27 9 964 1300
27 9 964 1305
27 9 964 1310
27 8 965 1315
27 8 965 1320
27 8 965 1325
27 8 965 1330
27 8 965 1335
27 8 965 1340
27 7 966 1345
27 7 966 1350
27 7 966 1355
27 6 967 1360
27 6 967 1365
27 6 967 1370
27 6 967 1375
27 6 967 1380
27 6 967 1385
27 6 967 1390
27 6 967 1395
27 6 967 1400
27 6 967 1405
27 6 967 1410
27 6 967 1415
27 6 967 1420
27 5 968 1425
27 5 968 1430
27 4 969 1435
27 4 969 1440
27 4 969 1445
27 4 969 1450
27 4 969 1455
27 4 969 1460
27 4 969 1465
27 4 969 1470
27 4 969 1475
27 4 969 1480
27 4 969 1485
27 4 969 1490
27 4 969 1495
27 4 969 1500
27 4 969 1505
27 4 969 1510
27 4 969 1515
27 3 970 1520
27 3 970 1525
27 2 971 1530
27 2 971 1535
27 2 971 1540
27 2 971 1545
27 2 971 1550
27 2 971 1555
27 2 971 1560
27 2 971 1565
27 2 971 1570
27 2 971 1575
27 2 971 1580
27 2 971 1585
27 2 971 1590
27 1 972 1595
27 1 972 1600
27 1 972 1605
27 1 972 1610
